当规模为20时删除节点关键字为：5436 29358 23281 4827 2995 
此时中序遍历序列为：41 491 5705 6334 9961 11478 11942 15724 16827 18467 19169 24464 26500 26962 28145 
当规模为40时删除节点关键字为：32391 17035 18467 292 18716 15724 4827 11538 2995 9894 
此时中序遍历序列为：41 153 491 1869 3902 5436 5447 5705 6334 9961 11478 11942 12382 14604 14771 16827 17421 19169 19718 19895 19912 21726 23281 24464 25667 26299 26500 26962 28145 29358 
当规模为60时删除节点关键字为：15724 15141 29358 11478 292 27529 5447 7711 778 19912 6868 9961 26962 11942 24464 
此时中序遍历序列为：41 153 491 1869 2995 3902 4664 4827 5436 5705 6334 8723 9741 9894 11538 12382 12859 14604 14771 16827 17035 17421 17673 18467 18716 19169 19718 19895 20037 21726 23281 23811 25547 25667 26299 26500 27644 28145 28253 28703 30333 31322 32391 32662 32757 
当规模为80时删除节点关键字为：19718 19912 15724 9040 27446 20037 292 28145 31101 12859 17035 9961 15141 24370 491 288 1842 21726 3902 4827 
此时中序遍历序列为：41 153 778 1869 2995 3035 3548 4664 5436 5447 5705 6334 6729 6868 7711 8723 8942 9741 9894 11478 11538 11942 12316 12382 14604 14771 15006 15350 15890 16827 17421 17673 18467 18716 19169 19264 19895 22190 22648 23281 23805 23811 24393 24464 25547 25667 26299 26500 26962 27529 27644 28253 28703 29358 30106 30333 31322 32391 32662 32757 
当规模为100时删除节点关键字为：14771 17035 21726 25667 17673 8723 27446 5537 19169 153 11840 29358 25547 32757 6729 24370 22648 22190 19718 22929 9741 11323 27644 23281 1869 
此时中序遍历序列为：41 288 292 491 778 1842 2082 2995 3035 3548 3902 4664 4827 4966 5436 5447 5705 6334 6868 7376 7711 8942 9040 9894 9961 11478 11538 11942 12316 12382 12623 12859 13931 14604 15006 15141 15350 15724 15890 16118 16541 16827 16944 17421 18467 18716 18756 19264 19629 19895 19912 19954 20037 21538 23805 23811 24084 24393 24464 24626 26299 26308 26500 26962 27529 28145 28253 28703 30106 30333 31101 31322 32391 32439 32662 
