21
26
28
28
40
41
42
53
53
58
65
71
73
75
113
119
123
138
140
142
144
146
148
153
159
170
175
189
193
205
225
229
235
236
241
248
250
288
289
292
300
303
304
318
330
335
337
348
361
406
415
424
435
441
462
467
474
475
479
481
484
489
491
495
503
506
530
530
532
540
542
555
565
592
608
610
613
617
621
656
658
666
669
675
681
684
690
698
700
702
704
707
716
726
742
748
750
754
778
788
792
821
826
832
833
839
841
846
874
875
893
893
899
900
905
906
911
912
940
943
958
979
985
989
990
1009
1012
1012
1014
1017
1018
1023
1025
1048
1052
1052
1054
1056
1071
1071
1084
1088
1127
1131
1146
1150
1157
1181
1187
1200
1201
1205
1206
1219
1238
1259
1264
1267
1278
1280
1282
1293
1325
1331
1334
1338
1340
1344
1355
1363
1364
1381
1386
1401
1405
1411
1416
1421
1430
1436
1441
1443
1454
1457
1497
1511
1515
1528
1537
1539
1539
1543
1549
1550
1560
1563
1570
1587
1588
1594
1595
1604
1608
1615
1620
1623
1626
1626
1637
1643
1650
1655
1655
1662
1663
1670
1677
1679
1695
1707
1710
1717
1723
1723
1727
1731
1735
1751
1752
1758
1763
1768
1769
1771
1774
1775
1790
1825
1832
1836
1840
1842
1847
1862
1866
1869
1881
1883
1885
1892
1897
1898
1908
1908
1924
1926
1936
1941
1943
1949
1954
1981
1988
1990
1993
1999
2003
2011
2016
2018
2019
2028
2047
2082
2088
2088
2095
2097
2111
2112
2125
2136
2138
2144
2145
2151
2154
2161
2168
2187
2206
2208
2220
2223
2237
2244
2257
2258
2264
2270
2286
2290
2303
2306
2317
2317
2324
2327
2330
2340
2352
2363
2368
2376
2397
2401
2403
2421
2438
2445
2451
2461
2480
2481
2483
2503
2505
2510
2512
2513
2520
2529
2534
2554
2556
2589
2593
2598
2599
2600
2607
2609
2623
2625
2625
2634
2641
2645
2647
2661
2663
2668
2669
2670
2670
2678
2695
2695
2699
2702
2734
2737
2741
2742
2774
2785
2800
2850
2862
2865
2872
2883
2927
2943
2943
2944
2963
2971
2995
2995
2997
3012
3034
3035
3039
3053
3065
3093
3093
3102
3134
3154
3154
3164
3169
3181
3184
3187
3195
3202
3210
3221
3239
3241
3251
3264
3271
3276
3293
3297
3309
3328
3333
3335
3340
3343
3351
3359
3380
3388
3393
3394
3396
3402
3413
3426
3430
3432
3434
3447
3449
3454
3455
3477
3487
3497
3503
3517
3523
3523
3527
3529
3537
3542
3545
3548
3557
3561
3565
3565
3580
3582
3584
3585
3586
3591
3602
3609
3625
3652
3656
3659
3676
3684
3687
3690
3728
3730
3737
3751
3753
3760
3760
3788
3789
3805
3818
3822
3829
3831
3832
3855
3872
3873
3878
3879
3902
3904
3917
3925
3943
3959
3964
3967
3989
3995
4006
4015
4031
4041
4042
4047
4055
4071
4074
4084
4084
4098
4099
4141
4144
4157
4169
4182
4186
4202
4213
4229
4235
4287
4287
4291
4313
4313
4319
4324
4327
4343
4345
4346
4360
4360
4364
4380
4381
4414
4415
4422
4434
4449
4460
4464
4472
4474
4489
4508
4510
4536
4565
4575
4580
4586
4591
4592
4593
4596
4611
4623
4629
4632
4639
4640
4641
4651
4664
4667
4675
4678
4680
4681
4686
4693
4693
4712
4715
4719
4734
4745
4747
4750
4755
4757
4769
4795
4798
4802
4806
4827
4833
4860
4860
4872
4882
4883
4886
4907
4919
4931
4940
4944
4949
4954
4966
4975
4978
4982
4987
4998
5000
5002
5006
5021
5021
5030
5032
5033
5045
5049
5053
5055
5059
5071
5075
5084
5093
5097
5108
5109
5117
5123
5131
5137
5154
5158
5174
5177
5190
5191
5193
5204
5220
5224
5225
5227
5230
5249
5279
5299
5303
5340
5385
5402
5416
5427
5436
5447
5450
5454
5469
5471
5506
5507
5513
5532
5535
5537
5538
5545
5553
5556
5565
5565
5566
5589
5589
5601
5602
5602
5610
5628
5629
5638
5646
5651
5651
5651
5662
5676
5677
5686
5692
5695
5699
5705
5706
5716
5717
5725
5745
5750
5752
5764
5767
5786
5809
5820
5821
5829
5831
5841
5844
5857
5869
5874
5893
5906
5907
5912
5927
5934
5936
5938
5939
5945
5946
5967
5973
5974
5994
5997
6003
6021
6038
6038
6038
6046
6050
6064
6072
6077
6085
6097
6120
6125
6135
6139
6140
6149
6172
6188
6191
6193
6202
6204
6224
6227
6231
6234
6238
6249
6259
6266
6270
6272
6286
6287
6292
6300
6300
6321
6329
6334
6336
6354
6359
6365
6366
6379
6388
6407
6410
6411
6421
6422
6439
6450
6450
6459
6461
6463
6464
6467
6473
6477
6477
6478
6479
6483
6486
6493
6504
6508
6511
6533
6538
6538
6540
6540
6541
6558
6559
6582
6595
6599
6602
6608
6617
6618
6640
6645
6646
6648
6652
6654
6693
6698
6704
6705
6705
6716
6724
6729
6734
6738
6741
6747
6748
6753
6766
6766
6767
6798
6813
6816
6816
6840
6862
6867
6868
6878
6879
6900
6902
6915
6922
6923
6923
6923
6932
6962
6966
6972
6995
7011
7028
7038
7042
7056
7058
7075
7085
7093
7103
7104
7118
7128
7129
7137
7152
7162
7164
7171
7172
7185
7195
7200
7208
7213
7229
7231
7239
7240
7240
7262
7262
7266
7267
7278
7283
7285
7296
7301
7328
7349
7355
7357
7372
7373
7375
7376
7391
7406
7441
7441
7448
7450
7452
7462
7469
7470
7479
7487
7491
7492
7498
7511
7514
7516
7518
7523
7531
7534
7540
7551
7572
7585
7586
7590
7591
7592
7603
7604
7605
7611
7616
7619
7627
7636
7640
7665
7666
7670
7672
7679
7679
7711
7717
7720
7721
7727
7740
7741
7746
7768
7783
7811
7813
7815
7833
7846
7864
7879
7882
7886
7887
7900
7905
7915
7918
7926
7949
7950
7954
7958
7958
7961
7975
7986
7993
8007
8023
8042
8044
8055
8072
8075
8106
8116
8144
8146
8153
8160
8166
8177
8182
8184
8187
8194
8213
8217
8234
8237
8239
8247
8252
8256
8260
8266
8272
8281
8290
8310
8313
8314
8315
8326
8329
8339
8343
8346
8360
8360
8363
8365
8380
8380
8387
8388
8394
8400
8405
8419
8421
8454
8456
8472
8480
8483
8486
8492
8493
8510
8519
8522
8526
8546
8551
8563
8610
8613
8616
8624
8627
8636
8638
8652
8670
8681
8683
8684
8692
8695
8705
8707
8714
8719
8723
8729
8738
8752
8753
8759
8762
8779
8793
8805
8823
8826
8833
8838
8850
8867
8872
8880
8890
8891
8896
8909
8917
8922
8925
8928
8932
8934
8935
8942
8956
8964
8965
8968
8976
8978
8979
8982
8982
8990
8996
9010
9010
9023
9034
9040
9058
9072
9078
9085
9088
9090
9091
9099
9102
9135
9152
9156
9161
9166
9168
9198
9220
9227
9232
9248
9252
9253
9257
9261
9270
9273
9275
9277
9290
9310
9313
9314
9314
9318
9320
9357
9364
9374
9375
9385
9405
9412
9425
9458
9462
9464
9467
9487
9487
9492
9496
9501
9503
9505
9507
9508
9512
9514
9515
9523
9535
9551
9561
9567
9573
9574
9576
9578
9578
9601
9625
9646
9647
9658
9658
9676
9707
9714
9722
9729
9741
9758
9762
9768
9781
9789
9789
9793
9793
9815
9832
9834
9850
9853
9858
9860
9876
9894
9905
9905
9916
9930
9961
9961
9970
9981
9984
9990
10002
10004
10006
10008
10021
10036
10040
10041
10048
10067
10075
10080
10102
10103
10106
10112
10116
10130
10133
10134
10142
10142
10144
10168
10176
10178
10189
10195
10202
10208
10238
10258
10268
10270
10285
10285
10291
10293
10312
10322
10324
10350
10353
10357
10380
10382
10382
10383
10389
10390
10393
10396
10405
10422
10426
10428
10440
10443
10459
10466
10471
10481
10485
10490
10498
10506
10508
10538
10542
10548
10555
10555
10556
10559
10573
10585
10591
10599
10600
10615
10635
10635
10639
10647
10654
10663
10670
10677
10677
10677
10679
10681
10687
10697
10698
10700
10700
10712
10720
10722
10737
10748
10753
10758
10761
10761
10790
10797
10808
10816
10819
10827
10844
10844
10845
10861
10866
10872
10883
10891
10893
10904
10910
10935
10935
10938
10940
10943
10946
10951
10968
10984
10986
10987
10996
10998
11001
11008
11020
11023
11027
11056
11058
11064
11069
11072
11075
11094
11124
11146
11149
11153
11156
11159
11171
11173
11191
11192
11192
11197
11211
11224
11238
11243
11245
11247
11258
11262
11267
11293
11299
11323
11323
11333
11337
11342
11367
11369
11376
11381
11382
11385
11393
11400
11408
11420
11422
11434
11447
11455
11458
11462
11462
11477
11478
11495
11503
11504
11511
11514
11521
11531
11538
11544
11585
11599
11600
11622
11635
11643
11647
11647
11662
11672
11684
11698
11701
11715
11728
11738
11749
11754
11759
11777
11784
11785
11798
11807
11822
11829
11833
11833
11836
11837
11838
11840
11857
11874
11876
11891
11903
11909
11942
11950
11959
11969
11979
11980
12008
12021
12022
12033
12036
12042
12043
12044
12052
12053
12054
12074
12074
12076
12078
12079
12087
12097
12105
12118
12137
12157
12158
12164
12170
12181
12189
12193
12212
12239
12244
12245
12249
12253
12258
12259
12263
12268
12274
12279
12287
12290
12292
12294
12295
12306
12316
12317
12319
12351
12356
12361
12368
12382
12392
12393
12420
12423
12433
12437
12448
12455
12455
12472
12481
12489
12493
12499
12503
12503
12504
12508
12516
12527
12529
12529
12534
12536
12549
12549
12550
12570
12570
12578
12581
12584
12594
12600
12611
12623
12628
12628
12637
12654
12673
12674
12677
12686
12717
12722
12723
12734
12737
12750
12759
12759
12760
12779
12796
12818
12826
12835
12843
12859
12890
12896
12902
12911
12924
12927
12927
12931
12933
12933
12935
12935
12937
12938
12941
12946
12949
12983
12993
12993
12998
13000
13007
13022
13028
13030
13031
13037
13037
13043
13049
13053
13061
13063
13063
13064
13079
13093
13101
13142
13143
13149
13152
13161
13162
13165
13169
13171
13186
13189
13194
13210
13224
13232
13234
13245
13252
13261
13262
13289
13290
13290
13293
13310
13330
13336
13337
13357
13370
13371
13377
13388
13392
13401
13406
13428
13444
13452
13452
13458
13465
13465
13476
13487
13489
13490
13490
13509
13509
13509
13519
13525
13540
13543
13549
13559
13573
13578
13579
13584
13597
13608
13640
13642
13647
13648
13653
13675
13694
13694
13698
13712
13713
13716
13722
13758
13762
13773
13774
13784
13785
13787
13787
13793
13795
13810
13817
13826
13829
13837
13843
13851
13851
13852
13855
13865
13874
13877
13882
13885
13917
13924
13930
13931
13946
13966
13971
13973
13976
13977
13985
13985
13993
13993
13998
14007
14008
14015
14018
14062
14066
14091
14108
14118
14119
14140
14146
14155
14161
14161
14171
14179
14181
14193
14196
14197
14199
14199
14214
14218
14243
14248
14248
14256
14262
14270
14272
14286
14295
14309
14310
14318
14333
14336
14343
14364
14369
14381
14387
14398
14398
14413
14423
14428
14428
14443
14460
14464
14469
14474
14481
14485
14486
14489
14504
14507
14512
14522
14523
14541
14550
14578
14589
14590
14600
14604
14606
14609
14615
14624
14625
14629
14631
14633
14640
14651
14676
14688
14693
14697
14700
14708
14709
14713
14721
14723
14736
14771
14776
14788
14790
14790
14798
14801
14804
14835
14844
14854
14855
14867
14868
14875
14878
14887
14890
14893
14893
14895
14902
14902
14907
14924
14932
14945
14955
14957
14962
14962
14964
14984
14989
15000
15005
15006
15012
15022
15026
15032
15038
15055
15072
15075
15084
15100
15117
15127
15137
15141
15144
15145
15145
15147
15185
15199
15205
15238
15248
15255
15257
15258
15262
15264
15275
15279
15281
15290
15296
15319
15338
15349
15350
15351
15370
15377
15384
15407
15431
15433
15441
15457
15460
15463
15469
15477
15492
15495
15498
15529
15536
15565
15567
15568
15573
15574
15579
15581
15589
15615
15618
15621
15623
15629
15665
15675
15677
15678
15712
15722
15724
15748
15759
15765
15787
15790
15791
15811
15812
15813
15814
15821
15826
15834
15869
15871
15881
15890
15891
15896
15944
15945
15947
15948
15966
15969
15987
15993
16002
16016
16036
16040
16060
16061
16074
16080
16081
16085
16090
16097
16100
16105
16118
16129
16139
16141
16142
16191
16193
16202
16211
16215
16216
16224
16225
16251
16256
16279
16280
16282
16290
16292
16296
16303
16320
16321
16334
16336
16337
16339
16339
16343
16345
16360
16366
16367
16371
16398
16405
16413
16423
16430
16439
16439
16446
16466
16469
16474
16497
16499
16512
16519
16541
16549
16561
16565
16584
16586
16589
16590
16595
16600
16626
16626
16633
16634
16641
16671
16683
16687
16693
16697
16704
16717
16741
16742
16754
16760
16769
16798
16806
16824
16827
16828
16833
16840
16840
16853
16857
16858
16878
16883
16893
16895
16925
16941
16944
16948
16955
16962
16972
16991
17006
17013
17014
17022
17035
17040
17063
17064
17086
17093
17095
17103
17103
17107
17110
17117
17118
17124
17132
17137
17157
17168
17189
17192
17199
17204
17206
17209
17222
17223
17226
17233
17241
17253
17260
17282
17282
17291
17296
17342
17350
17369
17371
17377
17398
17410
17411
17420
17421
17421
17432
17437
17451
17452
17461
17465
17469
17482
17505
17537
17540
17546
17549
17553
17571
17578
17584
17584
17589
17591
17604
17610
17612
17615
17632
17641
17650
17651
17659
17668
17673
17692
17708
17713
17713
17723
17762
17773
17776
17776
17780
17807
17825
17827
17832
17839
17841
17843
17860
17861
17864
17870
17877
17887
17889
17893
17902
17906
17913
17916
17922
17922
17929
17929
17939
17945
17953
17954
17958
17964
17968
17975
17981
17982
17984
17998
18007
18008
18011
18018
18023
18028
18032
18035
18038
18040
18058
18060
18061
18075
18085
18087
18108
18110
18114
18115
18125
18127
18129
18132
18133
18135
18136
18140
18154
18166
18166
18174
18175
18190
18200
18222
18230
18237
18238
18238
18240
18245
18259
18259
18271
18277
18281
18283
18283
18300
18318
18330
18335
18337
18352
18373
18382
18392
18396
18397
18413
18423
18434
18443
18448
18455
18457
18467
18470
18479
18490
18493
18503
18509
18529
18538
18540
18569
18584
18588
18588
18598
18610
18613
18613
18630
18631
18633
18634
18636
18643
18651
18651
18661
18662
18675
18677
18678
18682
18684
18686
18696
18700
18703
18706
18709
18716
18717
18718
18718
18721
18725
18738
18756
18759
18762
18762
18786
18787
18792
18805
18805
18819
18823
18828
18840
18842
18846
18864
18866
18875
18882
18896
18902
18913
18913
18915
18935
18939
18958
18965
18990
18990
19002
19008
19019
19022
19037
19044
19047
19050
19066
19067
19072
19090
19093
19095
19095
19097
19103
19104
19105
19135
19149
19154
19156
19161
19169
19172
19176
19178
19187
19199
19203
19252
19264
19271
19281
19285
19285
19314
19353
19357
19368
19369
19375
19396
19397
19402
19405
19410
19413
19420
19426
19435
19447
19468
19472
19489
19490
19497
19522
19531
19533
19539
19552
19557
19558
19567
19569
19589
19601
19611
19623
19629
19631
19645
19649
19662
19664
19668
19677
19690
19692
19695
19695
19711
19718
19737
19750
19751
19761
19770
19771
19779
19785
19790
19793
19796
19801
19801
19808
19810
19812
19814
19815
19842
19851
19854
19854
19855
19861
19864
19866
19877
19882
19885
19891
19895
19897
19911
19912
19914
19923
19926
19932
19949
19954
19964
19974
19976
19978
19982
19991
20024
20027
20037
20040
20053
20055
20061
20065
20072
20073
20078
20083
20083
20084
20122
20123
20130
20134
20135
20136
20142
20159
20169
20169
20170
20173
20175
20178
20183
20183
20189
20193
20215
20217
20222
20237
20253
20259
20267
20274
20278
20280
20289
20308
20315
20326
20328
20328
20355
20356
20363
20383
20386
20403
20415
20415
20416
20416
20418
20424
20426
20448
20450
20472
20474
20476
20482
20485
20489
20493
20502
20528
20537
20538
20540
20542
20556
20556
20577
20580
20580
20594
20600
20601
20608
20615
20620
20626
20633
20640
20643
20649
20652
20654
20663
20666
20666
20666
20667
20671
20675
20686
20710
20710
20718
20722
20736
20769
20778
20783
20785
20798
20799
20807
20825
20829
20830
20851
20851
20855
20877
20888
20889
20899
20913
20945
20967
20968
20972
20997
21001
21003
21005
21006
21015
21016
21025
21028
21047
21051
21060
21078
21080
21080
21083
21085
21086
21098
21098
21100
21109
21113
21119
21132
21136
21138
21143
21153
21184
21184
21188
21196
21219
21221
21221
21229
21244
21265
21267
21284
21286
21292
21293
21295
21313
21318
21321
21323
21337
21346
21358
21363
21376
21388
21396
21409
21411
21411
21416
21419
21425
21430
21447
21457
21459
21476
21476
21478
21479
21487
21497
21501
21520
21528
21538
21543
21545
21547
21548
21555
21562
21575
21577
21578
21595
21604
21617
21617
21624
21630
21634
21641
21659
21683
21693
21694
21705
21710
21718
21724
21724
21726
21759
21763
21766
21768
21781
21787
21794
21817
21840
21856
21860
21862
21867
21881
21892
21895
21901
21909
21911
21926
21945
21948
21954
21962
21963
21968
21974
21979
21979
21991
22005
22012
22015
22018
22037
22044
22045
22056
22086
22104
22106
22129
22142
22161
22162
22171
22187
22190
22194
22197
22197
22214
22225
22233
22241
22276
22279
22284
22290
22296
22307
22312
22336
22348
22355
22361
22363
22386
22409
22413
22421
22428
22431
22466
22471
22482
22483
22494
22501
22511
22525
22530
22532
22549
22549
22566
22570
22578
22586
22593
22593
22597
22619
22630
22632
22640
22646
22648
22658
22659
22663
22667
22668
22675
22678
22688
22701
22704
22716
22725
22740
22741
22750
22758
22777
22795
22795
22798
22813
22816
22830
22848
22850
22850
22860
22861
22867
22885
22885
22888
22892
22897
22908
22912
22912
22913
22925
22929
22951
22955
22974
22974
23000
23015
23024
23041
23043
23061
23072
23073
23088
23101
23105
23105
23112
23115
23116
23146
23152
23152
23154
23158
23165
23168
23183
23186
23188
23194
23195
23196
23199
23216
23224
23231
23234
23243
23245
23245
23256
23258
23271
23277
23281
23283
23292
23318
23332
23335
23342
23388
23390
23392
23400
23407
23439
23445
23448
23455
23481
23483
23487
23492
23501
23525
23552
23556
23569
23588
23589
23622
23623
23639
23646
23650
23655
23661
23683
23684
23692
23694
23699
23700
23717
23729
23743
23754
23757
23775
23775
23779
23805
23811
23817
23826
23831
23838
23840
23844
23847
23850
23851
23856
23865
23869
23888
23893
23901
23917
23936
23941
23941
23955
23967
23971
23977
23986
23987
23990
23992
23994
24007
24007
24008
24016
24021
24028
24028
24033
24041
24050
24065
24069
24081
24084
24099
24114
24115
24117
24118
24122
24125
24129
24146
24155
24160
24176
24179
24182
24199
24208
24209
24216
24221
24227
24229
24230
24237
24241
24245
24254
24271
24272
24272
24277
24290
24307
24312
24314
24320
24326
24346
24350
24353
24353
24355
24365
24370
24372
24389
24390
24393
24395
24399
24408
24423
24429
24450
24455
24459
24464
24464
24472
24473
24474
24474
24484
24484
24488
24512
24514
24515
24520
24541
24547
24555
24557
24567
24588
24593
24593
24596
24599
24604
24618
24626
24637
24642
24643
24648
24668
24671
24676
24684
24696
24696
24705
24710
24722
24743
24750
24766
24767
24773
24773
24774
24778
24779
24791
24808
24816
24828
24828
24828
24834
24855
24865
24901
24917
24919
24925
24937
24942
24946
24948
24958
24961
24962
24970
24979
24979
24998
25011
25012
25013
25020
25023
25027
25043
25052
25058
25072
25079
25087
25089
25095
25107
25128
25128
25134
25141
25149
25162
25167
25184
25190
25191
25197
25200
25205
25215
25236
25249
25253
25264
25264
25269
25269
25293
25296
25302
25313
25314
25318
25328
25329
25333
25345
25347
25367
25385
25386
25391
25395
25402
25403
25411
25423
25428
25429
25436
25449
25452
25452
25472
25476
25484
25502
25508
25524
25542
25547
25547
25547
25561
25563
25584
25598
25605
25608
25619
25620
25624
25627
25629
25631
25667
25668
25678
25679
25680
25697
25705
25710
25721
25734
25739
25759
25760
25770
25776
25783
25790
25791
25808
25813
25822
25824
25824
25828
25834
25836
25841
25846
25858
25874
25880
25897
25898
25903
25917
25928
25951
25967
25981
25990
25996
26018
26021
26031
26034
26048
26052
26053
26058
26063
26067
26068
26113
26115
26122
26124
26129
26134
26153
26154
26160
26173
26177
26200
26203
26206
26222
26248
26253
26260
26260
26264
26268
26281
26292
26299
26302
26303
26308
26321
26333
26358
26362
26363
26363
26364
26385
26412
26418
26423
26424
26428
26431
26434
26439
26443
26444
26463
26477
26484
26488
26489
26500
26504
26517
26528
26534
26555
26569
26576
26578
26584
26610
26610
26611
26615
26624
26630
26632
26633
26641
26653
26667
26679
26685
26705
26727
26737
26740
26758
26777
26781
26787
26790
26792
26798
26803
26804
26806
26807
26809
26811
26814
26814
26816
26819
26821
26835
26841
26847
26857
26865
26867
26869
26880
26886
26890
26897
26900
26909
26919
26919
26924
26925
26943
26946
26946
26947
26948
26949
26962
26969
26979
26984
27005
27007
27008
27032
27037
27038
27038
27043
27065
27067
27080
27085
27088
27089
27091
27098
27109
27123
27124
27152
27157
27171
27182
27189
27196
27200
27216
27224
27251
27252
27256
27273
27283
27296
27296
27297
27311
27330
27338
27348
27350
27352
27358
27368
27372
27384
27393
27415
27432
27432
27441
27446
27465
27478
27489
27504
27505
27506
27529
27530
27531
27553
27577
27577
27577
27587
27593
27594
27595
27606
27611
27616
27621
27624
27633
27644
27649
27649
27651
27663
27666
27669
27671
27681
27692
27700
27705
27714
27726
27732
27734
27753
27753
27754
27756
27759
27760
27792
27799
27809
27813
27830
27834
27837
27841
27844
27870
27892
27892
27896
27909
27918
27918
27936
27936
27938
27956
27967
27982
27988
27999
28009
28019
28022
28023
28027
28029
28042
28047
28049
28053
28070
28074
28074
28074
28082
28082
28094
28102
28112
28118
28119
28128
28135
28145
28148
28149
28162
28164
28180
28182
28211
28213
28223
28223
28233
28240
28245
28246
28252
28253
28255
28262
28274
28286
28289
28290
28290
28296
28297
28299
28313
28315
28315
28317
28318
28318
28321
28323
28325
28350
28356
28368
28382
28392
28396
28400
28402
28410
28411
28423
28433
28440
28442
28458
28464
28469
28470
28476
28486
28487
28488
28489
28498
28503
28504
28505
28510
28520
28522
28522
28532
28569
28570
28580
28583
28583
28596
28607
28614
28617
28621
28630
28633
28641
28642
28650
28652
28664
28666
28680
28681
28685
28689
28692
28703
28703
28704
28712
28733
28745
28747
28761
28765
28768
28773
28782
28786
28791
28801
28804
28822
28834
28854
28856
28862
28869
28870
28878
28888
28888
28892
28942
28956
28962
28963
28970
28978
28995
29001
29007
29011
29011
29022
29033
29065
29074
29082
29087
29091
29105
29126
29130
29130
29141
29151
29152
29153
29168
29170
29171
29174
29174
29182
29200
29213
29218
29221
29236
29250
29253
29256
29264
29271
29271
29288
29292
29292
29301
29309
29314
29331
29334
29334
29337
29350
29352
29358
29361
29361
29383
29400
29421
29421
29426
29445
29447
29448
29458
29465
29478
29486
29492
29510
29515
29527
29541
29554
29556
29556
29560
29561
29565
29577
29608
29613
29614
29617
29617
29621
29643
29657
29658
29669
29681
29704
29731
29733
29734
29744
29756
29761
29763
29768
29777
29789
29790
29795
29812
29815
29832
29833
29849
29855
29855
29857
29859
29866
29869
29869
29873
29876
29891
29897
29901
29909
29910
29916
29929
29942
29947
29954
29956
29962
29972
29975
29977
29986
29993
29996
30003
30032
30037
30038
30041
30048
30066
30080
30093
30104
30106
30109
30114
30137
30145
30175
30180
30188
30189
30191
30195
30211
30212
30221
30227
30227
30231
30238
30259
30271
30300
30303
30308
30323
30333
30335
30338
30345
30350
30397
30412
30422
30424
30432
30435
30466
30470
30470
30502
30523
30524
30527
30548
30556
30568
30581
30591
30614
30624
30643
30648
30664
30674
30693
30695
30712
30714
30731
30742
30771
30774
30775
30783
30792
30792
30806
30807
30811
30814
30833
30833
30836
30836
30838
30858
30862
30875
30877
30885
30900
30906
30910
30931
30932
30946
30947
30953
30971
30971
30974
30974
31000
31001
31003
31004
31015
31020
31034
31036
31056
31060
31063
31065
31068
31071
31088
31101
31107
31111
31111
31115
31122
31151
31155
31163
31172
31185
31196
31202
31203
31226
31240
31244
31245
31250
31260
31269
31276
31286
31302
31310
31310
31311
31313
31316
31322
31329
31339
31348
31351
31357
31361
31376
31418
31426
31426
31441
31450
31453
31461
31461
31476
31490
31493
31495
31497
31502
31505
31522
31531
31540
31547
31550
31552
31556
31561
31577
31591
31597
31601
31620
31627
31635
31641
31641
31647
31673
31687
31690
31708
31717
31744
31754
31758
31762
31783
31805
31810
31812
31818
31864
31896
31901
31907
31913
31918
31920
31920
31923
31928
31934
31947
31981
31982
31993
31998
32018
32029
32046
32053
32060
32072
32074
32075
32080
32094
32106
32119
32125
32145
32145
32168
32170
32179
32179
32182
32195
32196
32200
32203
32209
32209
32226
32240
32255
32257
32261
32270
32271
32301
32331
32356
32372
32389
32391
32404
32425
32439
32444
32468
32469
32471
32488
32498
32499
32503
32506
32525
32528
32544
32557
32570
32584
32588
32591
32604
32607
32609
32611
32612
32618
32621
32621
32627
32629
32637
32651
32652
32657
32662
32668
32671
32676
32677
32678
32683
32685
32686
32701
32702
32703
32707
32715
32718
32719
32726
32729
32736
32745
32756
32757
32764
32765
