1
1
1 3
1 0
0 0
1
3
1 2
3 0
-1 2
0 0
1
4
1 4
4 3
6 2
4 1
1 0
0 0
1
5
1 1
1 0
-1 1
0 0
1
6
2 2
-1 0
1 2
1 0
1 2
0 0
2
1
2
3
2
4
2
5
2
6
3
1 7
3
5 9
3
4 8
2
7
2
9
2
8
4
1 4 9
2
9
5
9 4 9
2
9
6
1 3 1
6
1 5 5
6
1 4 9
2
1
2
5
2
9
7
1 0
7
4 -1
7
4 -2
8
8
9
6
9
7
2
6
2
7
2
8
10
1 5
10
4 4
10
4 4
2
5
2
4
11
3 3
11
4 5
11
5 5
11
1 6
2
3
2
5
2
6
12
3 100 -101
12
1 -97 97
12
4 10 10
13
1 4 5
13
1 3 7
13
1 1 8
2
5
2
7
2
8
14
1 4 5
14
1 3 7
14
1 1 8
2
5
2
7
2
8
15
1 1 6
15
4 1 5
1
1
1 3
0 0
15
1 3 7
2
6
2
5
2
7
16
4 1 5
16
1 3 6
2
5
2
6
17
3 3 4
17
4 4 2
2
3
2
4
0
0




